clear all;
close all; 
clc;

open_system('ControllerNL');
t_end = 10;
Ts = 0.05;
dt = 1/100;

C = [0.000211778457877250 -5.90572808953886e-05 -5.93787962606928e-05 0 0 0 0 0 0 0 0 0;-5.90572808953886e-05 0.000199564624637693 -6.87658362341388e-05 0 0 0 0 0 0 0 0 0;-5.93787962606928e-05 -6.87658362341388e-05 0.00260637802676149 0 0 0 0 0 0 0 0 0;0 0 0 0.000211778457877250 -5.90572808953886e-05 -5.93787962606928e-05 0 0 0 0 0 0;0 0 0 -5.90572808953886e-05 0.000199564624637693 -6.87658362341388e-05 0 0 0 0 0 0;0 0 0 -5.93787962606928e-05 -6.87658362341388e-05 0.00260637802676149 0 0 0 0 0 0;0 0 0 0 0 0 7.40493968128454e-07 4.00871171116695e-08 2.64850251168023e-07 4.81776544321576e-08 1.70610840898493e-07 5.17930002653243e-06;0 0 0 0 0 0 4.00871171116695e-08 1.12410457478521e-06 -8.65404287048214e-08 -1.99569229909733e-07 2.12891815399967e-07 -1.45084099856998e-05;0 0 0 0 0 0 2.64850251168023e-07 -8.65404287048214e-08 3.89370394407336e-05 -1.56813743542319e-06 -2.34614557587900e-06 -8.51412328028799e-05;0 0 0 0 0 0 4.81776544321576e-08 -1.99569229909733e-07 -1.56813743542319e-06 3.83263259074627e-05 1.99513110891507e-06 -0.000113421686890253;0 0 0 0 0 0 1.70610840898493e-07 2.12891815399967e-07 -2.34614557587900e-06 1.99513110891507e-06 2.60130783647397e-05 -2.07106480008162e-05;0 0 0 0 0 0 5.17930002653243e-06 -1.45084099856998e-05 -8.51412328028799e-05 -0.000113421686890253 -2.07106480008162e-05 0.0591511472243421];
Q_TWB = [10 0 0; 0 10 0; 0 0 30];
Q_Drone = eye(5)*5;
Q = zeros(12,12);
Q([1:3],[1:3]) = Q_TWB;
Q([4:12],[4;12] = 


x_d = [5 5 5 0];
sim('ControllerNL');