//
//  const_params.cpp
//
//  Academic License - for use in teaching, academic research, and meeting
//  course requirements at degree granting institutions only.  Not for
//  government, commercial, or other organizational use.
//
//  Code generation for model "PoseEstimationController".
//
//  Model version              : 1.8
//  Simulink Coder version : 8.12 (R2017a) 16-Feb-2017
//  C++ source code generated on : Wed Jun 21 09:25:03 2017

#include "rtwtypes.h"

extern const real_T rtCP_pooled_299Jb13UAswe[25];
const real_T rtCP_pooled_299Jb13UAswe[25] = { 7.40493968128454E-7,
  4.00871171116695E-8, 2.64850251168023E-7, 4.81776544321576E-8,
  1.70610840898493E-7, 4.00871171116695E-8, 1.12410457478521E-6,
  -8.65404287048207E-8, -1.99569229909733E-7, 2.12891815399967E-7,
  2.64850251168023E-7, -8.65404287048207E-8, 3.89370394407336E-5,
  -1.56813743542319E-6, -2.34614557587901E-6, 4.81776544321576E-8,
  -1.99569229909733E-7, -1.56813743542319E-6, 3.83263259074627E-5,
  1.99513110891507E-6, 1.70610840898493E-7, 2.12891815399967E-7,
  -2.34614557587901E-6, 1.99513110891507E-6, 2.60130783647397E-5 } ;

extern const real_T rtCP_pooled_TXrxOtAA33B0[60];
const real_T rtCP_pooled_TXrxOtAA33B0[60] = { 0.0, 0.0, 0.0, 0.0, 0.0, 0.0, 0.0,
  0.0, 0.0, 0.0, 0.0, 0.0, 0.0, 0.0, 0.0, 0.0, 0.0, 0.0, 0.0, 0.0, 0.0, 0.0, 0.0,
  0.0, 0.0, 0.0, 0.0, 0.0, 0.0, 0.0, 1.0, 0.0, 0.0, 0.0, 0.0, 0.0, 1.0, 0.0, 0.0,
  0.0, 0.0, 0.0, 1.0, 0.0, 0.0, 0.0, 0.0, 0.0, 1.0, 0.0, 0.0, 0.0, 0.0, 0.0, 1.0,
  0.0, 0.0, 0.0, 0.0, 0.0 } ;

extern const real_T rtCP_pooled_XyLjpsXjcyos[9];
const real_T rtCP_pooled_XyLjpsXjcyos[9] = { 0.000114037489420717,
  -2.82089891064414E-6, 1.40417613824518E-5, -2.82089891064414E-6,
  0.000115657032079071, 1.08946618253263E-6, 1.40417613824518E-5,
  1.08946618253263E-6, 0.00137780347424666 } ;

extern const real_T rtCP_pooled_dEObodluTwti[144];
const real_T rtCP_pooled_dEObodluTwti[144] = { 10.0, 0.0, 0.0, 0.0, 0.0, 0.0,
  0.0, 0.0, 0.0, 0.0, 0.0, 0.0, 0.0, 10.0, 0.0, 0.0, 0.0, 0.0, 0.0, 0.0, 0.0,
  0.0, 0.0, 0.0, 0.0, 0.0, 10.0, 0.0, 0.0, 0.0, 0.0, 0.0, 0.0, 0.0, 0.0, 0.0,
  0.0, 0.0, 0.0, 10.0, 0.0, 0.0, 0.0, 0.0, 0.0, 0.0, 0.0, 0.0, 0.0, 0.0, 0.0,
  0.0, 10.0, 0.0, 0.0, 0.0, 0.0, 0.0, 0.0, 0.0, 0.0, 0.0, 0.0, 0.0, 0.0, 10.0,
  0.0, 0.0, 0.0, 0.0, 0.0, 0.0, 0.0, 0.0, 0.0, 0.0, 0.0, 0.0, 10.0, 0.0, 0.0,
  0.0, 0.0, 0.0, 0.0, 0.0, 0.0, 0.0, 0.0, 0.0, 0.0, 10.0, 0.0, 0.0, 0.0, 0.0,
  0.0, 0.0, 0.0, 0.0, 0.0, 0.0, 0.0, 0.0, 10.0, 0.0, 0.0, 0.0, 0.0, 0.0, 0.0,
  0.0, 0.0, 0.0, 0.0, 0.0, 0.0, 10.0, 0.0, 0.0, 0.0, 0.0, 0.0, 0.0, 0.0, 0.0,
  0.0, 0.0, 0.0, 0.0, 10.0, 0.0, 0.0, 0.0, 0.0, 0.0, 0.0, 0.0, 0.0, 0.0, 0.0,
  0.0, 0.0, 10.0 } ;

extern const real_T rtCP_pooled_gVsoQfjsu5wl[36];
const real_T rtCP_pooled_gVsoQfjsu5wl[36] = { 1.0, 0.0, 0.0, 0.0, 1.0, 0.0, 0.0,
  0.0, 1.0, 0.0, 0.0, 0.0, 0.0, 0.0, 0.0, 0.0, 0.0, 0.0, 0.0, 0.0, 0.0, 0.0, 0.0,
  0.0, 0.0, 0.0, 0.0, 0.0, 0.0, 0.0, 0.0, 0.0, 0.0, 0.0, 0.0, 0.0 } ;

extern const real_T rtCP_pooled_wKVRBqsAl7SO[144];
const real_T rtCP_pooled_wKVRBqsAl7SO[144] = { 0.5, 0.0, 0.0, 0.0, 0.0, 0.0, 0.0,
  0.0, 0.0, 0.0, 0.0, 0.0, 0.0, 0.5, 0.0, 0.0, 0.0, 0.0, 0.0, 0.0, 0.0, 0.0, 0.0,
  0.0, 0.0, 0.0, 0.5, 0.0, 0.0, 0.0, 0.0, 0.0, 0.0, 0.0, 0.0, 0.0, 0.0, 0.0, 0.0,
  0.5, 0.0, 0.0, 0.0, 0.0, 0.0, 0.0, 0.0, 0.0, 0.0, 0.0, 0.0, 0.0, 0.5, 0.0, 0.0,
  0.0, 0.0, 0.0, 0.0, 0.0, 0.0, 0.0, 0.0, 0.0, 0.0, 0.5, 0.0, 0.0, 0.0, 0.0, 0.0,
  0.0, 0.0, 0.0, 0.0, 0.0, 0.0, 0.0, 0.5, 0.0, 0.0, 0.0, 0.0, 0.0, 0.0, 0.0, 0.0,
  0.0, 0.0, 0.0, 0.0, 0.5, 0.0, 0.0, 0.0, 0.0, 0.0, 0.0, 0.0, 0.0, 0.0, 0.0, 0.0,
  0.0, 0.5, 0.0, 0.0, 0.0, 0.0, 0.0, 0.0, 0.0, 0.0, 0.0, 0.0, 0.0, 0.0, 0.5, 0.0,
  0.0, 0.0, 0.0, 0.0, 0.0, 0.0, 0.0, 0.0, 0.0, 0.0, 0.0, 0.5, 0.0, 0.0, 0.0, 0.0,
  0.0, 0.0, 0.0, 0.0, 0.0, 0.0, 0.0, 0.0, 0.5 } ;
